k: 91
s: 0.337275
33	34	95	96	263	264	
223	224	225	226	255	256	
105	106	
173	174	195	196	197	198	
93	94	239	240	
31	32	69	70	73	74	
185	186	193	194	
3	4	157	158	
303	304	
43	44	
55	56	
77	78	79	80	
119	120	143	
179	180	293	294	
297	298	
25	26	29	30	
97	98	133	134	155	156	
89	90	
51	52	281	282	
215	216	233	234	245	246	275	276	
131	132	
201	202	291	292	325	326	
137	165	166	241	242	
167	168	175	176	187	188	191	257	258	273	274	
117	118	
315	316	
152	
295	296	319	320	
21	22	113	114	235	236	
301	302	
17	18	204	231	232	299	300	
11	12	
104	
249	250	310	
153	154	211	212	
287	288	
81	82	
129	130	
6	
135	136	289	290	
209	210	
37	38	199	200	
313	314	
181	182	183	184	259	260	283	284	
15	16	35	36	49	50	145	146	147	148	307	308	
1	2	121	122	
269	270	271	
103	
41	42	
75	76	161	162	
67	68	
53	205	206	
7	8	
171	172	
321	322	
141	142	
107	108	
309	311	312	
9	10	23	24	45	46	
63	64	65	66	
13	14	149	150	
237	238	253	254	
217	218	
111	112	
123	124	
19	20	
229	230	
221	222	
189	190	192	203	227	228	243	244	305	306	
83	84	
61	62	
39	40	159	160	323	324	
27	28	
54	163	164	
285	286	
109	110	177	178	
91	92	
101	102	
272	
213	214	
85	86	
57	58	59	60	125	126	127	128	317	318	
5	
151	
139	140	261	262	265	266	
47	48	219	220	
251	252	
138	169	170	
87	88	99	100	144	
267	268	277	278	
71	72	115	116	207	208	247	248	279	280	
